1096
1 5
1 15
1 16
1 24
1 53
1 55
1 62
1 64
1 79
1 90
2 19
2 20
2 21
2 22
2 34
2 38
2 42
2 43
2 51
2 55
2 57
2 58
2 59
2 60
2 61
3 4
3 16
3 26
3 27
3 28
3 29
3 30
3 45
3 46
3 66
3 67
3 77
3 90
3 102
3 103
3 104
3 119
4 12
4 16
4 17
4 25
4 26
4 27
4 28
4 29
4 41
4 45
4 49
4 67
5 13
5 15
5 16
5 24
5 40
5 53
5 55
5 62
5 70
5 79
5 90
5 114
6 7
6 9
6 10
6 16
6 30
6 46
6 66
6 70
6 71
7 8
7 9
7 16
7 30
7 46
7 66
7 71
7 90
8 16
8 30
8 46
8 66
8 71
9 10
9 13
9 16
9 30
9 40
9 55
9 71
9 84
9 114
9 125
9 144
9 148
10 13
10 14
10 16
10 20
10 22
10 27
10 30
10 34
10 40
10 42
10 44
10 55
10 61
10 62
10 65
10 77
10 101
10 102
10 104
10 114
10 119
11 19
11 20
11 22
11 38
11 42
11 44
11 58
11 65
11 66
11 140
12 13
12 14
12 15
12 16
12 18
12 19
12 25
12 26
12 27
12 28
12 29
12 30
12 34
12 36
12 37
12 38
12 49
12 52
12 54
12 62
12 66
12 68
12 69
12 72
12 89
12 90
13 14
13 17
13 18
13 24
13 33
13 34
13 35
13 39
13 40
13 47
13 51
13 55
13 62
13 74
13 83
13 84
13 87
13 91
13 106
13 107
13 110
13 113
13 114
13 125
13 129
13 136
13 144
13 148
14 15
14 16
14 18
14 24
14 25
14 29
14 37
14 39
14 40
14 49
14 52
14 53
14 55
14 62
14 68
14 89
14 90
15 16
15 24
15 25
15 27
15 29
15 52
15 53
15 54
15 62
15 68
15 69
15 89
15 90
16 24
16 29
16 30
16 46
16 52
16 53
16 54
16 62
16 66
16 68
16 69
16 71
16 77
16 79
16 82
16 86
16 89
16 90
16 103
16 104
17 24
17 26
17 27
17 33
17 34
17 35
17 40
17 41
17 43
17 55
17 63
17 84
17 114
17 125
17 144
17 148
18 34
18 40
18 47
18 55
18 84
18 114
18 125
18 144
18 148
19 20
19 21
19 25
19 27
19 34
19 37
19 38
19 42
19 43
19 48
19 50
19 56
19 57
19 58
19 59
19 60
19 61
19 65
19 72
19 73
19 74
20 21
20 22
20 25
20 27
20 34
20 38
20 42
20 44
20 56
20 57
20 58
20 60
20 61
20 65
20 66
20 73
20 85
20 94
20 140
21 22
21 37
21 42
21 43
21 50
21 51
21 57
21 58
21 59
21 60
21 61
21 72
22 34
22 37
22 42
22 43
22 44
22 51
22 58
22 61
22 140
23 30
23 55
23 65
24 32
24 34
24 39
24 47
24 62
24 63
24 64
25 26
25 27
25 28
25 29
25 30
25 33
25 34
25 36
25 37
25 38
25 45
25 50
25 52
25 55
25 56
25 58
25 59
25 62
25 65
25 67
25 68
25 69
25 72
25 73
26 27
26 28
26 29
26 30
26 33
26 34
26 36
26 38
26 41
26 45
26 49
26 56
26 67
26 68
26 73
27 28
27 29
27 30
27 33
27 34
27 36
27 37
27 38
27 41
27 45
27 48
27 55
27 56
27 58
27 65
27 67
27 73
27 74
28 29
28 45
28 56
28 67
28 69
29 30
29 45
29 52
29 54
29 55
29 56
29 67
29 68
29 69
29 90
29 103
30 33
30 34
30 36
30 37
30 38
30 44
30 46
30 56
30 65
30 66
30 71
30 73
30 74
30 90
30 104
31 55
31 63
31 66
32 55
32 63
33 34
33 36
33 40
33 41
33 48
33 55
33 56
33 73
33 74
33 84
33 114
33 125
33 144
33 148
34 35
34 36
34 38
34 41
34 42
34 43
34 47
34 48
34 56
34 58
34 61
34 64
34 65
34 73
34 74
35 40
35 48
35 55
35 84
35 114
35 125
35 144
35 148
36 41
36 55
36 73
36 74
37 38
37 42
37 43
37 50
37 57
37 58
37 59
37 60
37 72
37 73
38 42
38 43
38 55
38 58
38 59
38 72
38 73
39 40
39 47
39 48
39 55
39 84
39 114
39 125
39 136
39 144
39 148
40 47
40 51
40 55
40 62
40 74
40 83
40 84
40 87
40 91
40 106
40 107
40 110
40 113
40 114
40 125
40 129
40 136
40 144
40 148
42 43
42 44
42 48
42 57
42 58
43 50
43 51
43 59
43 60
43 61
43 63
43 72
43 73
44 58
44 61
44 65
44 94
45 67
45 68
45 69
46 66
46 90
47 55
47 64
47 114
50 55
50 57
50 59
50 60
50 72
51 55
51 61
51 84
51 114
51 125
51 144
51 148
52 53
52 54
52 62
52 68
53 54
53 62
54 69
55 56
55 57
55 59
55 62
55 63
55 70
55 74
55 75
55 79
55 83
55 84
55 87
55 91
55 92
55 105
55 106
55 107
55 109
55 110
55 113
55 114
55 121
55 124
55 125
55 129
55 131
55 133
55 134
55 136
55 137
55 144
55 148
56 58
56 65
56 67
56 73
57 58
57 59
58 65
59 60
59 72
59 73
60 72
62 84
62 114
62 125
62 144
62 148
63 66
65 66
66 71
66 77
68 69
72 73
73 74
74 84
74 114
74 125
74 144
74 148
75 79
75 87
75 98
75 117
75 121
75 136
75 138
76 93
76 94
76 95
76 111
76 112
76 116
76 117
76 124
76 125
76 131
76 132
76 133
76 134
76 135
76 140
77 82
77 83
77 90
77 101
77 102
77 103
77 104
77 119
77 140
78 86
78 90
78 91
78 92
78 99
78 100
78 101
78 102
78 103
78 104
78 107
78 110
78 112
78 115
78 119
78 123
78 129
78 130
78 141
79 88
79 89
79 90
79 98
79 127
79 136
80 83
80 84
80 90
80 140
80 145
81 82
81 83
81 84
81 90
81 104
81 120
81 140
81 145
82 83
82 84
82 90
82 103
82 104
82 120
82 140
82 145
83 84
83 90
83 104
83 114
83 120
83 140
83 145
84 85
84 87
84 90
84 97
84 99
84 104
84 106
84 107
84 110
84 111
84 113
84 114
84 118
84 125
84 129
84 136
84 139
84 140
84 144
84 145
84 148
85 93
85 94
85 96
85 108
85 112
85 116
85 118
85 131
85 132
85 135
85 139
85 140
86 87
86 88
86 89
86 90
86 91
86 92
86 99
86 100
86 101
86 102
86 103
86 104
86 108
86 112
86 113
86 114
86 115
86 123
86 129
86 136
86 140
86 142
87 88
87 92
87 98
87 114
87 121
87 125
87 144
87 148
88 89
88 90
88 92
88 98
88 99
88 100
88 101
88 103
88 104
88 112
88 113
88 114
88 123
88 126
88 127
88 128
88 129
88 136
88 142
89 90
89 93
89 99
89 101
89 102
89 103
89 111
89 112
89 126
89 127
89 128
89 136
89 142
89 143
90 101
90 103
90 104
90 120
90 126
90 127
90 128
90 140
90 142
90 143
90 145
91 100
91 101
91 102
91 104
91 107
91 114
91 115
91 122
91 129
91 130
91 141
92 98
92 113
92 114
93 94
93 95
93 99
93 101
93 103
93 108
93 111
93 112
93 116
93 117
93 122
93 124
93 130
93 131
93 132
93 133
93 134
93 135
93 140
93 142
93 146
93 147
94 95
94 96
94 101
94 107
94 108
94 109
94 110
94 111
94 112
94 116
94 117
94 118
94 122
94 124
94 130
94 131
94 132
94 133
94 135
94 139
94 140
94 147
94 148
95 96
95 111
95 112
95 116
95 117
95 124
95 125
95 131
95 132
95 133
95 134
95 135
96 108
96 112
96 116
96 117
96 118
96 125
96 135
96 139
96 140
97 104
97 117
97 118
97 135
97 140
98 117
98 121
98 136
98 138
99 100
99 101
99 103
99 104
99 107
99 108
99 110
99 111
99 112
99 129
99 130
99 132
99 142
99 147
100 101
100 102
100 104
100 107
100 108
100 110
100 112
100 115
100 122
100 129
100 130
100 141
100 147
100 148
101 102
101 103
101 104
101 107
101 108
101 110
101 111
101 112
101 115
101 119
101 122
101 129
101 130
101 132
101 141
101 142
101 147
101 148
102 103
102 104
102 119
102 130
102 141
103 104
103 112
103 119
103 126
103 128
103 129
103 130
103 141
103 142
103 143
104 107
104 108
104 110
104 111
104 112
104 118
104 120
104 122
104 129
104 130
104 139
104 140
104 145
104 147
104 148
106 114
106 125
106 144
106 148
107 108
107 109
107 114
107 115
107 122
107 125
107 130
107 144
107 148
108 109
108 110
108 111
108 112
108 116
108 122
108 129
108 130
108 132
108 139
108 147
108 148
109 137
109 139
110 114
110 115
110 125
110 144
110 147
110 148
111 112
111 116
111 117
111 124
111 131
111 133
111 134
111 135
111 142
111 146
111 147
112 116
112 117
112 122
112 124
112 129
112 130
112 131
112 133
112 135
112 142
112 146
112 147
113 114
113 121
113 125
113 144
113 148
114 123
114 125
114 129
114 136
114 144
114 148
115 148
116 117
116 118
116 122
116 125
116 131
116 132
116 134
116 135
116 147
117 124
117 133
117 134
117 135
117 140
117 144
118 135
118 139
119 141
120 145
121 138
122 147
124 133
124 134
125 129
125 135
125 136
125 144
125 148
126 127
126 142
127 128
129 130
129 141
129 142
129 144
129 147
129 148
130 132
130 141
131 132
131 133
131 134
131 146
132 133
132 135
133 134
133 146
134 135
134 146
135 139
136 144
136 148
139 140
140 145
142 143
144 148
146 147
