1108
1 5
1 13
1 14
1 15
1 18
1 24
1 31
1 34
1 53
1 63
1 64
1 79
2 19
2 20
2 21
2 22
2 37
2 42
2 43
2 51
2 57
2 58
2 59
2 60
2 61
3 4
3 7
3 8
3 16
3 17
3 26
3 27
3 28
3 29
3 45
3 46
3 69
3 77
3 103
4 12
4 16
4 17
4 26
4 27
4 28
4 29
4 30
4 34
4 36
4 41
4 45
4 49
4 67
5 6
5 13
5 15
5 16
5 24
5 31
5 53
5 63
5 66
5 70
5 79
5 84
5 106
5 140
6 7
6 8
6 9
6 16
6 30
6 31
6 63
6 66
6 70
6 71
7 8
7 9
7 16
7 30
7 46
7 66
7 71
8 9
8 16
8 30
8 46
8 66
8 71
9 10
9 13
9 16
9 30
9 46
9 65
9 66
9 70
9 71
9 84
9 106
10 11
10 13
10 16
10 19
10 20
10 22
10 23
10 27
10 30
10 32
10 39
10 44
10 58
10 65
10 66
10 74
10 84
10 106
10 107
10 113
10 114
10 144
10 148
11 20
11 22
11 42
11 44
11 58
11 61
11 65
11 94
11 140
12 13
12 14
12 15
12 16
12 17
12 18
12 24
12 25
12 26
12 27
12 28
12 29
12 34
12 36
12 37
12 38
12 40
12 41
12 43
12 45
12 49
12 52
12 53
12 54
12 56
12 66
12 68
12 89
12 90
13 14
13 15
13 16
13 17
13 18
13 24
13 32
13 33
13 34
13 39
13 40
13 47
13 48
13 49
13 51
13 55
13 62
13 64
13 74
13 83
13 84
13 87
13 91
13 92
13 105
13 106
13 107
13 110
13 113
13 114
13 136
13 144
13 148
14 15
14 16
14 18
14 24
14 26
14 29
14 39
14 40
14 49
14 52
14 53
14 54
14 62
14 68
14 90
15 16
15 24
15 25
15 26
15 27
15 28
15 29
15 52
15 53
15 54
15 56
15 62
15 68
15 69
15 79
15 89
15 90
16 17
16 24
16 27
16 28
16 29
16 30
16 31
16 40
16 45
16 46
16 49
16 52
16 53
16 54
16 66
16 68
16 69
16 70
16 71
16 77
16 79
16 80
16 81
16 82
16 89
16 90
16 103
16 104
16 140
17 25
17 26
17 27
17 28
17 29
17 32
17 33
17 34
17 36
17 39
17 41
17 45
17 49
17 74
17 84
17 106
17 107
17 113
17 114
17 144
17 148
18 24
18 34
18 39
18 40
18 49
18 84
18 106
19 20
19 21
19 25
19 27
19 30
19 34
19 35
19 37
19 38
19 42
19 43
19 48
19 50
19 51
19 56
19 57
19 58
19 59
19 60
19 61
19 72
19 73
20 22
20 25
20 27
20 33
20 34
20 35
20 37
20 38
20 42
20 43
20 44
20 48
20 51
20 56
20 57
20 58
20 61
20 65
20 73
20 85
20 94
20 118
20 140
21 22
21 37
21 38
21 42
21 43
21 50
21 51
21 57
21 58
21 59
21 60
21 61
21 72
22 34
22 37
22 38
22 42
22 43
22 44
22 50
22 51
22 58
22 61
23 30
23 43
23 44
23 65
23 66
24 31
24 39
24 47
24 52
24 53
24 62
24 63
24 64
24 79
25 26
25 27
25 28
25 29
25 30
25 34
25 36
25 37
25 38
25 52
25 55
25 56
25 58
25 59
25 72
25 73
26 27
26 28
26 29
26 30
26 33
26 34
26 36
26 37
26 38
26 41
26 43
26 45
26 48
26 49
26 55
26 56
26 67
26 68
26 73
27 28
27 29
27 30
27 33
27 34
27 35
27 36
27 37
27 38
27 45
27 48
27 56
27 58
27 65
27 67
27 68
27 73
27 74
27 101
27 104
28 29
28 39
28 45
28 48
28 49
28 56
28 67
29 45
29 49
29 52
29 54
29 56
29 67
29 68
29 69
29 77
29 90
29 103
30 34
30 35
30 36
30 38
30 44
30 46
30 48
30 56
30 65
30 66
30 71
30 73
30 74
30 84
30 101
30 103
30 104
31 63
31 66
31 70
31 79
32 33
32 39
32 40
32 51
32 55
32 62
32 66
32 74
32 83
32 84
32 87
32 106
32 107
32 110
32 113
32 114
32 144
32 148
33 34
33 35
33 36
33 39
33 41
33 48
33 74
33 84
33 106
33 114
33 144
34 35
34 36
34 38
34 41
34 42
34 43
34 48
34 49
34 56
34 58
34 65
34 66
34 72
34 73
34 74
35 36
35 43
35 48
35 73
36 38
36 41
36 43
36 48
36 73
36 74
37 38
37 42
37 43
37 44
37 48
37 50
37 51
37 55
37 57
37 58
37 59
37 60
37 61
37 72
37 73
38 42
38 43
38 56
38 58
38 59
38 72
38 73
39 40
39 49
39 51
39 55
39 62
39 74
39 83
39 84
39 87
39 106
39 107
39 110
39 113
39 114
39 144
39 148
40 49
40 84
40 106
40 114
40 144
41 48
41 49
41 74
42 43
42 44
42 48
42 50
42 51
42 57
42 58
42 59
43 44
43 58
43 61
43 63
43 72
43 73
44 61
44 65
44 66
45 67
45 69
46 66
46 71
47 63
47 84
47 106
50 60
50 61
50 72
51 61
51 74
51 84
51 106
51 107
51 113
51 114
51 144
51 148
52 53
52 54
52 62
52 68
53 54
54 69
54 89
55 73
55 74
55 84
55 106
55 107
55 113
55 114
55 144
55 148
56 58
56 65
56 67
56 73
57 58
57 59
58 60
58 65
59 60
59 72
59 73
60 72
62 84
62 106
62 114
62 144
63 64
63 70
63 144
65 66
65 94
66 70
66 71
68 69
72 73
74 83
74 84
74 87
74 106
74 107
74 113
74 114
74 144
74 148
75 79
75 87
75 89
75 94
75 98
75 105
75 127
75 136
75 137
75 138
76 85
76 93
76 94
76 95
76 96
76 108
76 111
76 116
76 117
76 124
76 125
76 131
76 132
76 133
76 134
76 135
77 82
77 90
77 100
77 101
77 102
77 103
77 119
77 120
77 140
77 141
78 86
78 87
78 90
78 91
78 100
78 102
78 103
78 119
78 123
78 141
78 142
79 80
79 87
79 89
79 90
79 98
79 105
79 127
79 136
79 140
80 81
80 90
80 104
80 140
80 144
81 82
81 83
81 84
81 90
81 104
81 120
81 140
81 145
82 83
82 84
82 90
82 104
82 120
82 140
82 145
83 84
83 104
83 106
83 107
83 113
83 114
83 140
83 144
83 145
83 148
84 87
84 91
84 92
84 97
84 101
84 104
84 105
84 106
84 107
84 110
84 113
84 114
84 118
84 135
84 136
84 139
84 140
84 144
84 148
85 93
85 94
85 96
85 116
85 118
85 132
85 139
85 140
86 87
86 88
86 89
86 90
86 98
86 99
86 100
86 101
86 102
86 103
86 110
86 113
86 114
86 119
86 123
86 126
86 127
86 128
86 129
86 136
86 141
86 142
87 88
87 89
87 90
87 92
87 98
87 100
87 106
87 107
87 110
87 113
87 114
87 121
87 123
87 127
87 144
87 148
88 89
88 90
88 98
88 99
88 100
88 110
88 113
88 114
88 126
88 127
88 128
88 136
88 142
89 90
89 98
89 99
89 101
89 102
89 103
89 111
89 114
89 126
89 127
89 128
89 136
89 142
89 143
90 100
90 101
90 102
90 103
90 104
90 114
90 119
90 120
90 126
90 127
90 128
90 140
90 141
90 142
90 143
90 144
91 100
91 106
91 115
91 123
92 98
92 106
92 109
92 113
92 121
93 94
93 95
93 96
93 99
93 101
93 108
93 111
93 112
93 116
93 117
93 122
93 124
93 125
93 130
93 131
93 132
93 133
93 134
93 135
93 139
93 146
93 147
94 95
94 96
94 97
94 101
94 104
94 108
94 111
94 112
94 116
94 117
94 118
94 122
94 124
94 130
94 131
94 132
94 133
94 139
94 140
95 96
95 111
95 116
95 117
95 124
95 125
95 131
95 132
95 133
95 134
95 135
96 97
96 111
96 116
96 117
96 118
96 125
96 135
96 139
96 140
97 101
97 104
97 109
97 117
97 118
97 135
97 139
97 140
98 109
98 121
98 127
98 136
98 137
98 138
99 100
99 101
99 102
99 103
99 108
99 111
99 112
99 117
99 122
99 129
99 130
99 132
99 133
99 141
99 142
99 143
99 146
99 147
100 101
100 102
100 103
100 104
100 107
100 108
100 110
100 112
100 114
100 115
100 122
100 129
100 130
100 141
100 147
100 148
101 102
101 103
101 104
101 107
101 108
101 110
101 111
101 112
101 119
101 122
101 129
101 130
101 132
101 139
101 140
101 141
101 142
101 146
101 147
101 148
102 103
102 119
102 130
102 141
102 142
102 143
103 119
103 128
103 130
103 140
103 141
103 142
103 143
104 108
104 110
104 112
104 118
104 120
104 139
104 140
104 145
104 148
105 106
105 137
105 144
106 107
106 110
106 113
106 114
106 136
106 144
106 148
107 108
107 110
107 113
107 114
107 115
107 122
107 144
107 148
108 109
108 110
108 112
108 115
108 116
108 117
108 122
108 129
108 130
108 132
108 147
108 148
109 117
109 122
110 114
110 115
110 144
110 147
110 148
111 112
111 116
111 117
111 124
111 132
111 133
111 134
111 135
111 146
111 147
112 117
112 122
112 129
112 133
112 146
112 147
113 114
113 123
113 126
113 127
113 144
113 148
114 126
114 127
114 144
114 148
115 122
115 148
116 117
116 118
116 125
116 131
116 135
117 118
117 125
117 135
117 137
117 146
117 147
118 132
118 139
118 140
119 141
120 140
122 147
124 134
125 135
126 127
126 136
126 142
127 128
127 136
128 143
129 130
129 147
130 132
130 139
130 141
131 132
132 133
132 135
132 139
133 146
133 147
137 144
139 140
140 145
141 142
142 143
144 148
146 147
